768662043004170240
768435745455341569
768886844352237569
768668222627336192
768793828723716096
768444631260553216
768889542040518656
768848577225428992
768502054893424640
768300446603579392
768419570923298816
768577739414704128
768574812474085376
768378458288353281
768393091371896833
768924851365040128
768435156935909376
768630207351623681
768859561168023553
768664529471283201
768325132897099776
768466111738314755
768910608980992000
768904236826492929
768591078018715648
768827476902572033
768458869920165888
768440302789091328
768584656388173824
768737582800928770
768512457954455552
768853052036177921
768407796337479680
768447896240943104
768641607692353536
768906567701831680
768390430207647744
768668945742049281
768625953794764801
768618345683968000
768574365944324096
768961034702852096
768769977759379456
768623330630905857
768959512472530945
768436703052922881
768848802769833984
768318222315687936
768675066133508096
768464570537111552
768688426728230912
768436223585185792
768750478679093248
768482955513716736
768568768406560769
768369675541569536
768494528378449920
768337549945245696
768782150900584449
768405087051976704
768458269102702594
768546924047642624
768416445931909121
768669461847109632
768729948651532288
768835897173291010
768770227333136384
768499185981255681
768919887972446208
768360296595488768
768519354694692864
768919220130152448
768528478526242816
768844645824466944
768765828925943808
768953046726434816
768323535588696064
768433069384691712
768392022717759488
768531692189548544
768925914289704960
768506658339319809
768422057847746560
768629284625788929
768915808005136388
768740504016154625
768453725476286464
768455198264045568
768399993162043392
768810763423092738
768492994039279616
768504712102547456
768604463808458752
768739298589933568
768888082510651392
768315293487824896
768735897982496768
768687335600828416
768712022427045888
768379217318907904
768486394910089216
768557253100244992
768332398820032512
768671914982203392
768479410571706370
768661057795661824
768841605348466690
768356256088256512
768449513472266240
768800256922382336
768703895682113536
768525191483826176
768484394298290177
768721833143087104
768532846256488448
768819079922585600
768418420060745728
768769857009704960
768509919544897563
768526488790446080
768827171494203392
768832259256311808
768835558223257600
768837411262566400
768476796811563008
768664430351646721
768812066274578432
768414747100344320
768387630371340288
768687908974833665
768431594419941376
768450033742118912
768359451397132289
768922195884068864
768819701891805185
768485818856013824
768890414996873217
768500154253111296
768757554260443136
768367340312338432
768683638837878784
768902814382764033
768611378227654656
768917144339935233
768443206895828992
768450504242425856
768819984780894208
768768668863987712
768536876823224320
768821576154378240
768755845085536256
768491516776050688
768801811323097088
768463410262597635
768958014745444356
768854384319066112
768525498121129984
768672980247326720
768366800744673280
768455236583362560
768358083177418753
768345666724700160
768853321822179329
768548116752498689
768359789931929600
768568471894560768
768532750173294592
768301172708876288
768978828639305728
768796452428484610
768449420849545216
768537578874277888
768509338147098624
768873438672855040
768313152098410496
768755700340228097
768899934791663616
768920839597195265
768479275166994432
768878589064253441
768683269348925440
768397122458845184
768749892873445376
768835011416129536
768902930049007616
768661566170406912
768448747097452545
768888657847717888
768354192578768896
768427476469051392
768391873786290176
768816702956113924
768548723098017792
768707653673578498
768482309943152640
768419061210292224
768590960716500992
768916430523731969
768575191198806016
768359054276108288
768687735792033792
768724470676590592
768669008195235840
768495779350589440
768523249730727937
768465822662656002
768482385033850880
768288931158695937
768892831704363008
768662818707034112
768624023941029888
768499846126903296
768502298888724480
768575234517630976
768434917902540800
768412466850177024
768389483335028736
768652868215635969
768839641520824321
768447390047014912
768836232512212992
768425195199721473
768381874896973825
768802267042578432
768679577019305984
768412294900441088
768659409815961600
768755580395630592
768465917068111872
768488362353098752
768306420907466752
768432971628118017
768666992031117312
