768944692889124864
768458079402885120
768853110483738624
768577912291328000
768480605118009344
768395258426109952
768729445255577601
768850149040726018
768765233519296512
768538386172878852
768578411736346624
768868055837470720
768637966675771392
768328841177726976
768580926251163648
768805856100036608
768454557840146432
768743798461440000
768380171116240896
768286044605128704
768374124070768640
768339980913639424
768373724487753729
768714825417560064
768772127579336704
768490876066680832
768735619195469824
768489755973709825
768792564891721728
768817709945610240
768548480147161088
768352564601561088
768520457779896321
768601291555688448
768552041522135040
768717007768416256
768717751892533248
768783300341207041
768816836431327232
768400239203979264
768580329414066176
768822302582697984
768822681391079424
768808279610884096
768809412744077312
768767120142393344
768735868219629569
768721652091854848
768299309645254656
768806059771367424
768408682350649344
768559917892370433
768344380147138560
768611530740948993
768297334652350465
768823780093427712
768714819608334337
768597868051652608
768303803284107264
768830981717516288
768792105451917312
768433982002245633
768871410185936896
768456034419478529
768397851386908673
768439059442180096
768559918437789696
768501059228696576
768790575541870592
768394761648611328
768820146085306368
768554573787193344
768948638240350208
768492113352921089
768482875947651072
768632959649910784
768688368108601344
768331927011069952
768759688288727040
768799099684610048
768744737863897088
768813995763564544
768352770495770624
768600268762075136
768342819043966976
768705995337895936
768344070708137985
768789883120914433
768838950140141568
768820563221417984
768371866474057728
768978532341014528
768705176400175104
768445853283516417
768965279531556868
768857736486359040
768608350737014785
768366578593308672
768457694382592000
768577135090946050
768341571318255617
768489250014662656
768318419217313793
768958535870799874
768936542534569986
768729795894968321
768958970136518656
768890150524903424
768916182774624256
768502788313653248
768435179018944512
768369544247271424
768757200634441728
768567839783473152
768784240196591616
768363682837499904
768340979413815296
768913368027533312
768828087412875265
768817716996308992
768707126453764096
768496350262460418
768285039759069186
768525046465892352
768684087028703232
768398808799711237
768914704135839744
768769977759379456
768856637272576000
768745988664258560
768317536278568960
768523257498611713
768581884695674880
768870785578598400
768958328085049348
768858856482930688
768300297386995712
768758887063355392
768834300754092032
768364853870329857
768852021990400001
768815218344464384
768408502553509888
768327899225157632
768581765858529281
768346610573148160
768594609433878528
768339620258021376
768737582800928770
768804859407663108
768288931158695937
768785401418919936
768339464888328192
768387927520976896
768320530055168000
768425824362127361
768484304611454977
768811382422724608
768456114350333954
768609847885631492
768318146000191488
768509922631905280
768393012535844864
768860982072467456
768489840417632257
768442765629722629
768900617045585920
768461939769012224
768902851959500800
768917728363184128
768480587170676737
768736713476800513
768543871265566720
768681469623492608
768499618581581825
768580138401406976
768492909112852480
