593455065324630016
592261617682808832
592393244136185856
593845731720499200
592541356645453825
591986348216553473
594847611661619200
595131462090764288
592370576158642176
592049425868050433
592048938355589120
592556996752056320
593743966052442112
592310778323021824
593697911294267392
592337850429001729
592310137194287104
592629652818034688
591999611184680961
592001984951029760
592044539675680768
592224514198540288
592615434207264768
592270761898811392
595508030252298241
592210302302720001
592325457724440576
592713738903498752
592912360219639808
592677666144288769
592530052727832576
594409113141923840
593244931713474560
591976580232052736
596178204341227520
595961957313679360
595260368475267072
592244636325978112
593400952486436864
596503964046196736
592027572952834048
592315161282678784
594218055279869952
594735531369467904
592363638003867648
592722367044067330
594992701126356992
592684009563549696
594000907140001793
596120468287000576
592394238320447488
592286837944619008
592214348455514112
592216632954486786
592305660642996224
593805611315376128
593621559706722304
592578085922320384
592548743204962304
596561811987562497
592279829644333057
596868490264334336
592694344655699968
593328604764835840
594819145880838144
592394613249351680
592074140900667392
592611013364686848
593009955571109888
592196353381388289
594410858723155968
592154692970385408
592478202473287680
592283358391996416
595210184705835010
592518203609370624
595064294523277313
592040884427890688
592241704238850048
595142607258263552
594334886355283968
592329784983556096
593139110363025408
593062909518872576
595216099509174272
594084793182068736
592353790520528896
592695969541677056
592714602686853121
592344703850254336
594357822155935744
593856924195524608
593878459249745921
593431945079578624
592935834137063424
592682158814339072
597049561090142208
592890237682110468
592107886001541120
592615081138999297
592588167104036865
596604497327161346
592340045224345601
592341156890947584
592285545444679681
592245464700833792
592199197446770689
592161141830209536
593987954730606593
592388227127869442
594524854226817024
591988401621962752
593279531705733120
592223004282589184
595447462644436993
592293865148837889
592697535271174145
593010788232626176
592312868533510145
592045569591234560
595884898700894208
593332801757282305
592619602619736064
592206288857108482
592021652533153792
593482529866407936
593113700355047424
592666086690189313
592348009997807616
595233222939705344
594797340126392321
591978159102435328
592751043164938240
592363268330680321
593436002540105729
592033004001726464
591984141773639680
593626406040502272
592677515514269696
592670897477165059
592239339431710720
592926163321913344
592370309757435904
593012461579599872
592706746663182336
593278600238866432
592346586946080768
593347998563717120
594000027359571968
592709690624253952
592336681228865538
592028384634503168
593897305163563008
591986490038558722
596380884342738944
594848076092874754
593120182018519041
595703073370198018
592377039522430976
593210356429955072
592370464355262464
592721394972172289
592577300287229952
592560736855011330
592312666883895296
592605903246921728
591974595525128195
592308226323976192
592742413644472321
592210395663728641
592301294972350466
592379318744981505
592600545451380736
592295807371476993
593099901610790915
592726938281766912
592642423265894401
595655032466452480
592026266569543680
592051121138577408
592234841887805442
592339054487801856
592035712465129472
592249577006239744
592586955730210816
592674856279355393
593679397669842945
592338525514702848
596548670587305984
591978910713139202
593033300559601664
592075271013969920
592579309899948032
593434560731447297
592667835735928833
592566314855735296
592939432375889920
595461115636649984
592610355823554560
592290946823270400
596979917666955264
596232022164541440
592313376081981442
592477276530323456
592356425214492672
592921661260713984
592579402367631360
593449475227521025
592037260905869312
592221660075327489
592000050017882112
592362464601182208
592579854916128768
592597055241134080
592347499748335618
592361295686471680
594356276202606592
592648479077314560
595721445650669570
595644226844631040
592251272482267136
592245742774849537
591985972109123585
593672821076668416
593316639476551682
593051485497217024
592096370355351552
592377841251012608
592342335406505987
594086439710814208
594559542140121089
594447801955659776
592961661125861376
591999286679769090
592682455863296003
592517115875168256
593799741558935552
592542569537654784
593015418714984448
594885937273950209
591991666526957568
594185002654371840
594842395990052865
596324209946599426
592361331937816576
592987231985373185
592391220925632512
592388575934611456
592264581965197313
592329805296578562
596237206764785664
594466563538849793
592496723664052224
592529185588948993
594492846901567491
592039073503584256
592637788681424896
592564683682422784
592585807346597888
592349826164989952
592473110135214080
592147423683678208
593093678752751617
593032054310187008
592033451718479873
592292157882413056
592336609548337152
593194475196788736
592298894471528448
592309718514683904
592760969010487297
594347715636559872
594447666089631744
593329284925685760
592325073165389826
593731671658090497
592049012577947648
596606838847606784
595568436773658625
592014898785230848
594522150775693313
594148390667210752
595548774547791872
592181103676391424
592970113457860608
592996118386049026
593019070364196864
591992030898696193
592196446797090816
592767310441652224
592239653077393408
595607707224268800
592278364418801664
592389046913007616
592471118184882177
594519350897299456
592385185368276992
592581592515612672
592027147243401216
592548359484801024
592632199729537024
592754517336260609
592586598518235136
591989771473391616
592345114577653760
593278439068545024
592249795596562433
595790108588187648
596194107862556673
594317019526270977
592251391508283392
593675903718264832
595782092816015362
592200980906672128
592141305343381505
592628242831450112
592628934358863872
595884466993659904
593723223755214848
594426301609476096
592156478422712320
595451603265527808
592262421433098240
592215884669693952
595171022422286336
592613335033466880
592514495890608128
592197933690261504
592915520954839041
592258807683686400
592381073755021312
593276415103086592
596990755282923521
592697492422144000
594217824173752322
594224192091979776
592207027549540353
592372761890140160
595675160587411456
592589834960637952
592382428603252736
592048956089106432
594073199698157568
592616985307062272
592213017821106176
594519534603603968
592037727727529985
592776884838072322
592223073996124160
592258310696501248
593420730869645314
591992777736499200
593342081927544832
592317382590210050
592323037246066688
592910457750556673
595240751832834048
592053799033970689
592999583371898880
592375842849759234
592543355210321920
596850275522125824
592729954556710914
593001342953631744
593311003804315648
594355014736314370
593523465195360256
592018368279908352
592032983135072256
592370772980596736
592299336177856512
592572849300250624
595033800188399616
592555718617632768
592019272903172096
592355806160420865
592344097743998976
592026863398199296
592371475799146496
596264644039159808
593779898650505216
593086508078235649
595519402625343488
592549088886923264
592022312226050049
592379737198055424
592375455115677697
592311043302395904
591994540166250497
592198032810123264
592221210928230401
592223549521154049
593977204351979520
592709281696391169
592248641227591680
596641912599224322
592209571508158464
594932647689887744
592262004263424002
594039230889852928
596962895918800896
593625799476940800
595507953085640706
595156404689711104
594894116590227456
592590038623354881
592015991573360640
592016672355061760
594844680292069376
597098250705993729
592530208579686400
592381687478235136
593754597589708800
594747925063839744
593284627751706624
593101916650938369
592334656634101760
592617243516604416
592097046309441537
592160896824246272
592026322865500160
596465793950289920
591992326504849408
596919932119461888
594422683384680448
592206189028511745
595431712642965504
596021194333298688
594457792947228672
592031700697255936
592588449619648512
594183635026186240
592354130267504640
592188043785678848
592643776625123328
592894767576547328
592715615011495937
592394905571307520
592348204026335232
592372482159431680
592607880450215936
592314044746366977
592386421630967808
592390583185907712
594776392362897408
591995887360057345
592224438575190016
592352602765053953
592281678166425600
594370981612756992
592241031162105856
592288174677757952
597039549219385344
592193754393489408
595894777578590209
592332639589113856
591981776794296321
592576545132126208
594590425802878977
594549770028503040
592587948123561985
592049216568066049
592214320127193088
594321019344588800
591990204983971840
594866016536035328
595435277109329920
592021167046819841
593057927033790464
592190878980018178
592086812593557504
594751468650909696
592386580259610624
592616549791506432
592307682637283329
592388351631568896
592737962435223552
592594537232629760
595238005385928704
592706426897838081
592331307880878080
596455223087894529
592218605044912128
593643951472513025
593454534250266624
593409641683509248
595521487039111168
592224931875794944
592912869760454656
592713337424760834
592137179234631680
592503079871741952
594371088173240320
592363863720333312
592373593394323459
592293186778705920
593105151939911681
593270426765111296
592370905885605889
592180370591850496
592538697305870336
592964177750134786
593054853573713920
592696857815572481
592361423352696832
595086105319329792
592301302312382464
592572488069951488
593377543606050817
592231549833097216
592373031063785472
592372840042639360
595252871400001536
592317515272818688
592354706619437056
596674034017927168
592314971700105217
592974203407638528
597385426861600768
592701322161455107
592146601432387584
593405604145799168
592667348101963778
592170761382596609
592211633142796288
592345106625232896
593036056515244032
592247418374094848
596925193345310720
592223584153505792
592300131396952064
592370226789908482
592067446158204928
593692297927086080
591999934427045888
595200707680030722
592010581550333952
592325268833902592
592732886694043648
594379229363474433
596573225926033408
592239782618636288
592687900812259328
592215865992568832
592261510048522242
594246129895788544
593253613583106048
592347242490540034
594780243027730432
592206570974416897
593779418268442626
593629757482344451
594894983401902080
595221386160803840
592965230717587456
592376177186091008
592001500198490112
596626042099507200
596998548559794177
592525041876783104
592230864123088896
592194905511890944
593757152524652545
592679867419914240
592708648658403328
592333586734272512
594830182231375873
594521827394859008
592255633400860673
596081574900203522
596265363039461376
592291649356570626
596491036957888512
592998395993718784
592252959884320768
595879644127227904
597096003217412096
592285803058868224
592179384385024000
592667760880132096
592217368375402496
594517603634184192
593470209563959298
592217003164868608
593248853433810945
592202500435902467
594435135069659136
592239615194439680
593339542754594816
592998281757626370
592588882530705408
592251449054076928
596887558849572864
593338602311983104
592619075957870592
592272296863215616
592623475736465409
592580495239589888
592337675685888000
593086669793980416
592621963530539009
594135087546966016
592360702850936834
592967671731200000
591997966010855424
592206967608741889
593385831039045632
592757889535737860
592274977384075264
593635482841567232
592362781665468416
591983826018041856
596382706843262976
592917869224194048
593214780988502017
592068279033794561
594880329493557248
592387366448312320
592352765415817216
592262536063492096
592537234869526528
593725689976655872
592349624666427392
594094825495900160
595435283740495873
592242055788658688
593877652211105792
597262790953414658
592262151416459264
592999403083796480
592336802020626432
592329383110541314
592777163193057281
592082703232540673
596132152871260160
592283024668131328
593350748924026880
591984387526234112
592034258039902208
592356399776079872
592758683685224448
592278726328463360
593218321409015809
593763072440868865
592997267428245504
592611676383358976
592730094461935618
592311032611209216
592201203347378177
592752449334673408
592324346854514688
592002516369309697
594862568193302529
592049388232531968
594399101208240130
592379281008820224
592700451642019842
592206738507440128
594600830679916544
592125028558184448
596151099356155904
592358725773430785
592717992460472320
592330937448280064
592282804114870272
592010391200215040
592618355191730177
592624358847164416
592032324436553730
592524503617404929
592008765039247360
592217837361442816
596706289050361857
595219878669332480
592250977043910656
592144301603225600
592724522878504960
592391585255530498
592179127303667712
592145694057746432
592049417856909314
592306614092308480
593655331189698560
592552601767448577
592296369060073473
593422402144473088
592569607329697794
593221207601745920
592393075189657600
592340961243435008
592007187213393920
592375107860996097
592616054712479744
592340100538761217
596232798387699712
595249416455397376
592579482407424000
592220239095431168
592579617749278721
591993859736870912
595262873493897217
592308328455213057
592394042253516800
592828231167954945
592729856145764353
592538510042615809
593561919451070464
594072374397562880
592565397037182977
592049561398480896
592350261454118913
592643848385335296
594781487855112192
593318080425558016
591980083478302720
592302665280786432
592182738637062145
592254742979444736
593144873701789696
592569341452767232
592608596279435264
592033253781037056
591986194893901824
592036794209710080
592894367137996801
594081319950233600
593006495488323584
593251923966459904
592520896364949505
597320148622544896
595596067539845120
592728135101239296
593050476700168192
593140684481167360
594096352650362880
592302023510360067
593679659662868480
593453984037253121
594675929953087489
592308669963833345
592208546428637185
592030914793836544
592310389301325825
592971847131500544
595627879414648832
592360784354672640
593830977656455169
592230594920058880
594266572224532480
592215372582891520
593354894280523776
593227012904341504
592697135390416899
592310653299204096
592360767959105537
594551450522386432
595437377536929792
592219443742134272
592346935626838016
594784764684414976
592191174439374849
592308037802561536
592486865535520768
594233510979710976
595225357713707008
593522221768802304
592652513360220160
592024069446348800
592575170075893761
597265225696481281
592058423933440000
594375298986029056
592022407885496320
593115375320989696
592190504470589440
592309452679712768
592382796355604481
594224366008709120
592244040587878400
593273232246976514
593345681227526144
597002992785620992
592867895392206849
592012462423052288
592627440129703936
595365775029903360
592579789745033216
595461894703489025
596898747994505216
592347374044852224
592392698125946880
597217972818608128
592017398363918336
592005225709461505
592394775094951936
592710955634655232
592576416266366976
595090432960270336
592392763263426560
591986294554632192
594193380051001345
592019289994985472
592324992341159938
596002624672960512
592243905816563712
592324108366417921
592611626559229953
595268187836575745
592794392911597570
592648262315876353
595450441984532482
592303054243762176
597032034087800833
592960912795029505
595769161357352963
597232168448892928
593349863510769665
594293381473312768
593107263688028160
592341280103014401
592369004620066816
592269207905046528
593092069477875713
592240257518542848
593474750086782977
592248331339898880
592511396564357121
592513064617922561
592316116346605568
592764115266985984
592000290921918464
592616874187292672
593658831122530304
592029014887399424
596869847956332544
592092586174611459
592233887851368448
595911191475712000
592338329485508608
592217830642225153
592735062422093825
592247726194040832
593381991053185024
592239896103780352
592226833552179200
594406554163671040
592613706875305984
594827955525840898
594750440027226112
595077121040461825
593691795365691394
592302610956222464
592634239411101696
592183073443172352
592326896525905920
592029398368411648
593215947239895041
592082404971454464
593409414507438080
592279583606632448
593317450654978048
592162027881140225
594527393664147456
596383378133258240
593047067477553153
593112627980541953
596299148015468544
592162799498854400
595595582984560640
595906405250506753
597099456715202561
596199972435013633
592271940242444289
592908211503652864
595967027958841345
592749801860681730
595244504627552256
596959033338232832
592717169051439107
592071141965045763
595508567391633408
592368286785884161
594681169502990336
592341479630118912
592379519350087681
596038387208957955
596948982477127681
595099072970752001
592016806153293825
595963535160553472
593007671206260736
594899383029768192
592236798186684416
594790879858204672
593402934181928960
595509638860185600
596232030494461953
592159197174697985
592346465340559360
594417079685623808
592527731327401984
594001503616008192
592296083272826880
592029527804542976
595276765582491648
594440245233393664
594184306890702848
592562912293621760
596134260249120769
592220994326040576
594377001928151040
592923769900912640
592732853319901184
594750473053163522
592641402380505089
592544896612859905
592324221990141954
595880776270422016
592619730608861184
595563432121794560
591993266779729920
592645149282340864
592967188664856576
593235923401211906
594520254862110720
592380476427468800
595425433681813504
592273191751389184
594416254045163520
592388014938005504
592366584854786048
591975888494854145
592231066083184640
592993047622733826
594741047168761857
592464937219452928
592268462518439936
592599375387328513
591991005248782336
592660156183371776
592695963950686208
594846404461207553
592886564746846208
592393742767628288
595072542034890752
592395138988539904
592100827428360192
592683279188361217
592751883619540992
592389040147542017
592029815596810241
596591106067795968
592333638189977600
592543024355282944
592534117738270720
592927106079789056
592986512381345792
595181881798356993
592030087714856960
592652635439697921
592381240247914496
592229010060410880
592316812424937473
593029197385203713
592728121192882176
592579896087449600
592238754825273345
592305031824613376
592376200070324225
597015267323949057
592032737839685632
592388013872648192
595571457343803393
596967921097707520
592197443225194498
596250506130919425
596551022148911104
592025366794936321
592329856202899457
592207802396971008
592342464179998721
592383521697628160
592233154699624448
592573407687942144
592278198596997121
593378528986603520
592640685100019712
593472332703932417
592637510523564032
592575313298595841
592605966132056064
592184910741286913
592005202816827392
592341643623272450
592350761213825024
594101895117021184
592575816250183680
592003933238759424
592169535878365184
592393539985608704
592243506342731776
592052475806396417
594126199405744129
593796681549811712
592044401599221760
592253039299330048
592027270270726146
595217042309001216
592004040961069057
597020126785904640
592041784634580993
595938506356097024
592085243659571200
592032028930879488
593432844313100288
596318621296504832
593640185587306496
592300662005739520
592289826646331392
593166121739657216
592318876496474116
592328659878318080
595618865620606977
596338923061653504
592244931181293568
594527709629407232
592968592557154305
592934080997625856
596707541419106305
595414567708139520
592906918588456960
592310286498959362
592191451674476544
592379078344249344
592922944390701056
592061445828775938
592927680938389504
593997701802364928
592341368590204929
592279031594123264
592332896591093760
592669473334759426
594890564241264640
593916432540381184
592380080636104704
592004392091406336
592301964857217024
593633151269777408
593409213528866816
593839462557163521
592052647873482752
592476844957442049
597024546508513282
592691337167777794
594470974222946304
593054952915775490
592614462965714944
591979126350741505
592618316121960449
592287188995448832
592543019749900288
595236693675880448
596580298072035329
592325457590235136
596287935483252737
592326976335179776
596037345423532032
592045590847983616
592607636459225088
592742518996869120
592889556111925248
592382848721522688
592326419528568832
592583720827228160
592089446830440448
592207177642856448
593319191484211200
596922719658119168
592286175609561089
595547113536126976
595106294597492736
592003335454076929
597420896689590272
592607368812236800
592562250189295616
592530979958329344
593243708557918208
597059598495797248
592272097356845057
594053999776563200
593297392234942466
592288252628893696
592658425567453184
593400810702131200
592143616782405632
594509578160578560
592041494447394817
592221666312204288
594186668426428416
593719759482462208
592333677595480065
595439583577313281
594511887024402433
591986527355338752
594512735951523840
592379938793095168
595073255565709312
593801156226224128
595614162581102593
592022537682427904
593322625214066688
592742297562910720
592540629860646914
592247011862188032
592314718435479552
592321031647277056
592176946642980864
594537620744450048
595148422547542016
591974898139987968
592756205627547649
592580850971123713
596289667919556608
595796028424658944
595162832183889920
594513188462403584
592275018131771392
592546301864058880
592838751556087808
592054705838268417
593176465144991746
595578276069781504
592208444402208768
592059620799057920
593238569671495681
592349969497116672
593673983276523521
592609666309296128
592951643840348160
596606854798516224
592001425602785281
592372761378430977
591979747296485376
592344251528126465
592203258401173504
592310842453954561
592623488696913920
592349610988843008
594336145690890240
592379576581402624
595676672566947841
592679798817816576
593563208989835264
596358412314681344
592692211080425473
595259798737653760
592360847810371584
592578762992025600
592323852610371584
592533727613321217
594779321908076544
593454749074100224
594367285344763904
593700943977254912
592890208611348480
591991020142792704
595150675849281536
596576746872250368
594846621923291136
593243401757143040
591995512171024387
592603150047059968
592588105271484416
592355054323019776
592306791439970304
592272663910817792
596509182418792449
594704324837511168
594138978137165824
593502298401153026
593835242739277824
593360228290297857
594577141905383425
593262378281607168
594428501563822081
592363814370222080
592278091386454016
591987578498232321
592394729469317120
594759996614672384
592727680405131265
592197498342494208
591977781749223424
593683432028250112
596643454123290624
592390065281585154
592683446918610944
592030670291136513
593975523635638272
592324982622986240
592365529349824512
592342866782855169
595671242323144704
596529044809650176
592031015259873280
592233687825055745
592233496615071745
591991403783159808
592066101166616577
592237706119225344
595829553295138817
595643412784754688
593997623050178560
592336698073358336
595084138496987137
592309926526980097
592698989507715075
592367062657343488
592247872919183361
592391964194111488
597310161074524160
592629105444552705
595907316563709953
592207474062659584
592361610045362176
592581358775599105
592560942979756034
597197538442104832
592677005142929409
593087048539443200
592363731067219969
593396705820676096
592381136757592064
592213627148505088
593693840206266368
593255885201223681
592054993068302337
592901901479505920
592943451689373697
595393904779735040
592339026897547267
592726864424206336
595300162366406657
593102071810772992
592269368668491776
592393013843795968
593110999546273792
592341718017540096
592610036033015808
592393472839196672
592379594310692864
596667131351011329
593481849374138368
592306630466740225
591999421975396352
592604383046578176
594452137804861441
592580103969722368
596221443484057600
594320393952825344
592552943125041152
593484951582040064
592391381579993088
593780464999071744
592584989092421632
592356570421268480
595811020326703104
592246969487069185
592394851196403712
592997331529633792
592328635647832064
592277073118437377
592713758922899457
592301945525641216
595971740792041472
592195341455233024
592048683866173440
592557120505024512
592392312849739776
592332968783380481
592730173566537728
591992680479006721
592648593384738816
596584018281365504
591999588766228482
592372453902569473
595852212624035841
596318449351032835
594133035093745664
593657997684903937
592034145645121536
592295383990018050
592317103157350400
592117505356730369
595940333063536640
595218312650366976
595582586254192640
593289473598717953
594335644849033217
592349728324521984
592614208459550720
592237757226881025
592989355314032640
592378968877105152
596740870206009346
592378065809846273
593417504187363328
592028374794539008
594125926746562560
592974615791579136
592207134323965952
596232140380999680
592980002892816384
596668978677833728
596560715567136769
592184317712965634
592927295603494912
592571302566764544
596679422721302528
595235773177143297
592286450135076867
592024270705860608
592058471354216448
592328192804790272
592857631053742084
596114261249667072
592375699178029056
592549944751337472
597410630346219520
593103590966722561
593783416333717504
593747615298162688
592314850346307584
