593464777290166274
592057847745089536
592157346899558400
592521218407858176
592629652818034688
594178932854816768
592976777447919616
592727118766862336
593461448497500162
592313828072755200
592656054489591808
592296149047840768
593114034611757056
592209897825013761
592301932800151553
592076323297759232
592751186152919042
593715088348971008
592213511796752384
593000419669856256
592738844581240834
592941333855109120
592281070776651776
594007722766376960
592220518763274241
592222386184794112
592286342073028608
592265539377967106
592323424136990720
594818001439883266
593697911294267392
592670581960658944
592374763303010305
591989562395598848
593598254467719168
592391063874064384
592362781665468416
592012112500666370
592691802685177856
592155414029991937
593590429670514688
595461399679246336
592355188909875200
592211354515156992
592929862832099328
593927918645940224
594495480458977280
592222331025502208
594793516150235136
592364807925452803
592899669598019584
595490933027819521
592513072801054720
594230058430017537
592561602072682496
592135286466945024
597047646113533952
594396707565113345
592343977572966400
593812883563118592
593442445464973312
592956917187620865
594401252877799425
593437118413705216
592006342212063232
592264283704070144
592681038150774784
596534993293303809
592189847936180225
592379481731375104
592018533673869313
592221039867793408
594856880804990976
593297004559609856
592018397384286208
592712844451434496
591995052169105408
595629811609051136
596611221463273473
592574465222922240
593021299733082112
594690344660377600
592563093185568768
592215736669442050
597080268067840000
592035222650167296
592628956584521728
595964165853827072
592994813609312256
593230350236700672
594691819595632640
593843745444900865
593660153938870272
596003725807845376
593301539592085504
595136513895194624
595568964677283840
593742100589514752
592391220925632512
592650977926377473
592052489240780800
592560461909921792
594010644027871232
593377453952913408
592174366344884224
592178230452326401
594357019219337216
592331213005697025
596410263554924544
592648392691560449
592066377768443904
592209596183285762
594751888765026304
592718489711976449
593349808867250176
594880347130593281
593069229315739649
592764199031406593
592595552723804163
592864673130754048
592355847121936384
592630528022577154
594505470041137152
592915598981619712
594573101603508225
592298130000883712
592394606827819008
594406274390855681
592542239563378688
592996250808528896
592617468004175872
593449277092864000
592725390092804099
592389952530350080
592355156085186560
592215009255555074
592948113247113216
592953631827066880
595590806536265729
592258807683686400
595963821497417729
592186643290853376
592024096059305984
593662170170175488
592176920617361408
592341962667130880
593440045861711872
593052501068390400
593101916650938369
593337397351321601
592552801546305536
595164944510812160
592281143434608640
594343997365030913
594376527548059650
592378603947458560
592257707408642048
593363720757063680
594010526281150464
593743633347530752
592043734218375168
596601454762143745
593095507100110850
594385465500934144
594709907791720448
596962895918800896
593741871031001088
592382943177277440
595636439527903233
592197780904353792
593302132373200896
592618338649579520
592890587398971392
592256891226468352
593648151392694272
592303614820909056
592915804259102720
592259302917677057
592668554568282112
592208493848895489
592391743124832256
593240387453472768
592284518796529664
593661809468448768
592713402650333185
595192472474517505
592342067033939970
592724828131598336
592942695514902529
592026971648839680
592176679214133248
593103590383702016
592814776121692160
592647856160378881
592008885633822720
593458870380433408
592315004533084160
592267700853821440
592249969987461121
592279426030641153
594661403832627200
594508561574547457
594424705878138881
593012370605146112
594403257709109248
594434481278230528
592364365916950528
592241024249925632
592022003579691008
592758358693781504
592372743200354306
594813679423639552
592192429928763392
592649050484117504
594893201355493376
593656985276538880
593966552833200128
593136697279270912
592334978282696705
592892823294365696
592564617718542336
594044768314912769
594264085983662081
592697748400517121
593090410349735936
593094051534020608
592349024574840834
595054978529558528
592368351587868672
594580635072659456
593104244867080192
592716466170003456
592049438908092416
591987020924260354
593490208475209728
592632778451132417
595795338524545024
593503999673765888
592063210175336448
595548978604744704
592339227976806400
592311468428668930
593452475740327936
593424989690449920
593679586451333120
593726830189809664
593603982410514432
593102921081884672
592963047292964864
592715035723624448
593672911321485312
594330277389807616
593468462577668096
596397910352273408
593217603226570752
592339472831762432
592943874345074688
592037641186463744
592529670836355072
592948772767932416
596600970240397312
594880328755322880
592654747175358464
592089990512807936
591996367784026113
594362503137656833
593454311083876352
594009258175266816
593387024406556674
592236529654702080
594370894643929088
593004681263185920
593435359234494464
593185970117193728
592950462904672256
592376977329299457
592317171772043264
592181615658291200
593239774627897344
593355624823529472
592903734428045313
593151339007348736
593703617497935873
593412337366732800
592526595774021632
592246635071049728
592222997156474880
592952957563379712
592197561575833600
592545267859070976
592372631187238913
593297257417428993
592028815234207745
592273283233353728
592554024240459777
593763103105363968
593217309898108931
592381779849314304
592692667231907841
592367918131871744
592639304519802880
592389454045655040
593893948873113601
593712885525655552
592940006643118081
593680413379268608
592701296211337220
591996373869826048
593622489017618432
593069740496703489
594739709118533632
593788779044941824
592298916109922304
593846138601545729
592924870603894784
593000262287101953
592956760765370368
593234271386640384
593716049373069313
592624966052360194
593032622663704577
593745793418334210
592683606910365697
592217703563177984
594325981130719232
592374976390438912
593112015398273024
592006860271521793
593643207159713792
593647037628854273
592350720810196992
592585616438636544
592683588258308098
592370709243899904
596655427837775873
594132407646887937
593448292475801600
594841352006799360
592378624726052864
592339760330379264
592320829624492032
592148963110703105
592387266502266880
592374969067143168
592290022390398978
592232533900701696
595659753658916865
592191998196494336
592050419259453440
596328059013201920
593010224425873410
593287057251770368
592211486795137024
593359070205194240
592549938073980928
594503420280573952
592522897584836608
592376974934310912
592207802396971008
592302286224756736
594337853275906048
592318616399319041
593101843179253760
592613731328069632
592139574266044416
596887441329401856
592142806304436224
592300689742692353
593389423603150849
594894983401902080
595621929270321153
592652895713112065
592357299601027072
597255065867550721
592350787847659521
593454375097344000
595259144644534272
595642707902595072
592590528660709376
592281354680696832
593488742368813057
592277527432859649
592913141228376064
592620564419780608
592317457475379200
592181723967926274
592287188995448832
591992896485597184
592289768211283969
592321499517726721
593246695284051970
594064520315674625
593762597201018880
593597730829701120
592696219954208768
592378613955174400
594053481226510336
593463245685575681
594811776585183232
592580627251077120
592660515886866435
593085418175733760
591985786880327682
592220359803437056
594355694020784129
593362166448685056
593685210903945216
592279403679223809
594344566196604928
592649118910054400
591991053449699328
592126369565278209
594335723571978240
592517202965725185
592999263011020802
593276326779293696
593988794837118978
593484948889280512
596303018976378880
596332716028604417
595433694493483010
593315664061865984
592568573609934848
592022722437218304
592348809927102465
595157267558731776
593283951633911808
592355054323019776
592297709274431489
593979991127240705
591976009823428608
592560469694644224
592011381005651968
593355162850172928
593419752896237569
591979790627840000
592723743551692802
593304648280211458
593303847851991040
592251287820849152
592598491706232832
596529044809650176
592597740212760577
592317515272818688
592187621213806592
595097390308294656
593349986680614912
592867401886257153
592762143059107840
592378023556448256
594021012833861632
592697454451171330
592236359823151104
593152241361489920
592505057553326080
593056467512504320
592287122192609280
594831606189285376
592723609422065664
593983825316806656
592346324286050305
593936369015083008
592574305218596864
592801094088192000
595489991398064129
592577562670333952
593760288358301696
594440912928903168
592364546032930816
592263482415845376
591989264256106499
591988336090173440
592348601184952321
592247746251214848
592509413807693825
594158584868380673
592636278753009665
592216232264216577
593056900264042498
593774196078981120
592661298036547585
592526495802925056
592023168681775104
592358567560122369
592581865610969088
596362153474437120
592279835960971265
593721829774229504
592657036715937792
593293651230347265
591997786230427648
592854646819037184
593178065209032704
592560157306982400
592391964194111488
595550921720995840
592702488307970048
592580417871450113
592014627862523904
